frame,input.bJump,input.bJumped,car.Location.X,car.Location.Y,car.Location.Z,car.LinearVelocity.X,car.LinearVelocity.Y,car.LinearVelocity.Z,car.Quaternion.X,car.Quaternion.Y,car.Quaternion.Z,car.Quaternion.W,car.AngularVelocity.X,car.AngularVelocity.Y,car.AngularVelocity.Z
0,False,False,0.120000,0.000000,18.639999,0.000000,0.000000,8.441000,0.000003,0.003008,0.000003,0.999995,0.000000,-0.000410,0.000000
1,True,True,0.140000,0.000000,21.170000,-0.491000,0.000000,304.121002,0.000003,0.003008,0.000003,0.999995,0.000000,-0.000310,0.000000
2,True,True,0.140000,0.000000,23.740000,0.101000,0.000000,308.140991,0.000003,0.003008,0.000003,0.999995,0.000000,-0.000310,0.000000
3,True,True,0.140000,0.000000,26.340000,-0.051000,0.000000,312.161011,0.000003,0.003008,0.000003,0.999995,0.000000,-0.000310,0.000000
4,True,True,0.140000,0.000000,28.969999,-0.011000,0.000000,316.181000,0.000003,0.003008,0.000003,0.999995,0.000000,-0.000310,0.000000
5,True,True,0.140000,0.000000,31.639999,-0.021000,0.000000,320.200989,0.000003,0.003008,0.000003,0.999995,0.000000,-0.000310,0.000000
6,True,True,0.140000,0.000000,34.340000,0.051000,0.000000,324.221008,0.000003,0.003008,0.000003,0.999995,0.000000,-0.000310,0.000000
7,True,True,0.140000,0.000000,37.099998,0.121000,0.000000,330.950989,0.000003,0.003008,0.000003,0.999995,0.000000,-0.000310,0.000000
8,True,True,0.140000,0.000000,39.910000,0.191000,0.000000,337.681000,0.000003,0.003008,0.000003,0.999995,0.000000,-0.000310,0.000000
9,True,True,0.140000,0.000000,42.779999,0.261000,0.000000,344.411011,0.000003,0.003008,0.000003,0.999995,0.000000,-0.000310,0.000000
10,True,True,0.140000,0.000000,45.709999,0.331000,0.000000,351.140991,0.000003,0.003008,0.000003,0.999995,0.000000,-0.000310,0.000000
11,True,True,0.140000,0.000000,48.689999,0.401000,0.000000,357.871002,0.000003,0.003008,0.000003,0.999995,0.000000,-0.000310,0.000000
12,True,True,0.140000,0.000000,51.730000,0.471000,0.000000,364.601013,0.000003,0.003008,0.000003,0.999995,0.000000,-0.000310,0.000000
13,True,True,0.140000,0.000000,54.820000,0.541000,0.000000,371.330994,0.000003,0.003008,0.000003,0.999995,0.000000,-0.000310,0.000000
14,True,True,0.150000,0.000000,57.969997,0.611000,0.000000,378.061005,0.000003,0.003008,0.000003,0.999995,0.000000,-0.000310,0.000000
15,True,True,0.160000,0.000000,61.180000,0.681000,0.000000,384.790985,0.000003,0.003008,0.000003,0.999995,0.000000,-0.000310,0.000000
16,True,True,0.170000,0.000000,64.439995,0.751000,0.000000,391.520996,0.000003,0.003008,0.000003,0.999995,0.000000,-0.000310,0.000000
17,True,True,0.180000,0.000000,67.760002,0.821000,0.000000,398.251007,0.000003,0.003008,0.000003,0.999995,0.000000,-0.000310,0.000000
18,True,True,0.190000,0.000000,71.129997,0.891000,0.000000,404.980988,0.000003,0.003008,0.000003,0.999995,0.000000,-0.000310,0.000000
19,True,True,0.200000,0.000000,74.559998,0.961000,0.000000,411.710999,0.000003,0.003008,0.000003,0.999995,0.000000,-0.000310,0.000000
20,True,True,0.210000,0.000000,78.049995,1.031000,0.000000,418.441010,0.000003,0.003008,0.000003,0.999995,0.000000,-0.000310,0.000000
21,False,False,0.220000,0.000000,81.489998,1.031000,0.000000,413.020996,0.000003,0.003008,0.000003,0.999995,0.000000,-0.000310,0.000000
22,False,False,0.230000,0.000000,84.889999,1.031000,0.000000,407.601013,0.000003,0.003008,0.000003,0.999995,0.000000,-0.000310,0.000000
23,False,False,0.240000,0.000000,88.239998,1.031000,0.000000,402.181000,0.000003,0.003008,0.000003,0.999995,0.000000,-0.000310,0.000000
24,False,False,0.250000,0.000000,91.549995,1.031000,0.000000,396.760986,0.000003,0.003008,0.000003,0.999995,0.000000,-0.000310,0.000000
25,False,False,0.260000,0.000000,94.809998,1.031000,0.000000,391.341003,0.000003,0.003008,0.000003,0.999995,0.000000,-0.000310,0.000000
26,False,False,0.270000,0.000000,98.029999,1.031000,0.000000,385.920990,0.000003,0.003008,0.000003,0.999995,0.000000,-0.000310,0.000000
27,False,False,0.280000,0.000000,101.199997,1.031000,0.000000,380.501007,0.000003,0.003008,0.000003,0.999995,0.000000,-0.000310,0.000000
28,False,False,0.290000,0.000000,104.329994,1.031000,0.000000,375.080994,0.000003,0.003008,0.000003,0.999995,0.000000,-0.000310,0.000000
29,False,False,0.300000,0.000000,107.409996,1.031000,0.000000,369.661011,0.000003,0.003008,0.000003,0.999995,0.000000,-0.000310,0.000000
30,False,False,0.310000,0.000000,110.449997,1.031000,0.000000,364.240997,0.000003,0.003008,0.000003,0.999995,0.000000,-0.000310,0.000000
31,False,False,0.320000,0.000000,113.439995,1.031000,0.000000,358.820984,0.000003,0.003008,0.000003,0.999995,0.000000,-0.000310,0.000000
32,False,False,0.330000,0.000000,116.389999,1.031000,0.000000,353.401001,0.000003,0.003008,0.000003,0.999995,0.000000,-0.000310,0.000000
33,False,False,0.340000,0.000000,119.290001,1.031000,0.000000,347.980988,0.000003,0.003008,0.000003,0.999995,0.000000,-0.000310,0.000000
34,False,False,0.350000,0.000000,122.139999,1.031000,0.000000,342.561005,0.000003,0.003008,0.000003,0.999995,0.000000,-0.000310,0.000000
35,False,False,0.360000,0.000000,124.949997,1.031000,0.000000,337.140991,0.000003,0.003008,0.000003,0.999995,0.000000,-0.000310,0.000000
36,False,False,0.370000,0.000000,127.709999,1.031000,0.000000,331.721008,0.000003,0.003008,0.000003,0.999995,0.000000,-0.000310,0.000000
37,False,False,0.380000,0.000000,130.429993,1.031000,0.000000,326.300995,0.000003,0.003008,0.000003,0.999995,0.000000,-0.000310,0.000000
38,False,False,0.390000,0.000000,133.099991,1.031000,0.000000,320.881012,0.000003,0.003008,0.000003,0.999995,0.000000,-0.000310,0.000000
39,False,False,0.400000,0.000000,135.729996,1.031000,0.000000,315.460999,0.000003,0.003008,0.000003,0.999995,0.000000,-0.000310,0.000000
40,False,False,0.410000,0.000000,138.309998,1.031000,0.000000,310.040985,0.000003,0.003008,0.000003,0.999995,0.000000,-0.000310,0.000000
41,False,False,0.420000,0.000000,140.849991,1.031000,0.000000,304.621002,0.000003,0.003008,0.000003,0.999995,0.000000,-0.000310,0.000000
42,False,False,0.430000,0.000000,143.339996,1.031000,0.000000,299.200989,0.000003,0.003008,0.000003,0.999995,0.000000,-0.000310,0.000000
43,False,False,0.440000,0.000000,145.789993,1.031000,0.000000,293.781006,0.000003,0.003008,0.000003,0.999995,0.000000,-0.000310,0.000000
44,False,False,0.450000,0.000000,148.190002,1.031000,0.000000,288.360992,0.000003,0.003008,0.000003,0.999995,0.000000,-0.000310,0.000000
45,False,False,0.460000,0.000000,150.550003,1.031000,0.000000,282.941010,0.000003,0.003008,0.000003,0.999995,0.000000,-0.000310,0.000000
46,False,False,0.470000,0.000000,152.860001,1.031000,0.000000,277.520996,0.000003,0.003008,0.000003,0.999995,0.000000,-0.000310,0.000000
47,False,False,0.480000,0.000000,155.129990,1.031000,0.000000,272.101013,0.000003,0.003008,0.000003,0.999995,0.000000,-0.000310,0.000000
48,False,False,0.490000,0.000000,157.349991,1.031000,0.000000,266.681000,0.000003,0.003008,0.000003,0.999995,0.000000,-0.000310,0.000000
49,False,False,0.500000,0.000000,159.529999,1.031000,0.000000,261.260986,0.000003,0.003008,0.000003,0.999995,0.000000,-0.000310,0.000000
50,False,False,0.510000,0.000000,161.660004,1.031000,0.000000,255.841003,0.000003,0.003008,0.000003,0.999995,0.000000,-0.000310,0.000000
51,False,False,0.520000,0.000000,163.750000,1.031000,0.000000,250.421005,0.000003,0.003008,0.000003,0.999995,0.000000,-0.000310,0.000000
52,False,False,0.530000,0.000000,165.789993,1.031000,0.000000,245.001007,0.000003,0.003008,0.000003,0.999995,0.000000,-0.000310,0.000000
53,False,False,0.540000,0.000000,167.789993,1.031000,0.000000,239.581009,0.000003,0.003008,0.000003,0.999995,0.000000,-0.000310,0.000000
54,False,False,0.550000,0.000000,169.739990,1.031000,0.000000,234.160995,0.000003,0.003008,0.000003,0.999995,0.000000,-0.000310,0.000000
55,False,False,0.560000,0.000000,171.649994,1.031000,0.000000,228.740997,0.000003,0.003008,0.000003,0.999995,0.000000,-0.000310,0.000000
56,False,False,0.570000,0.000000,173.509995,1.031000,0.000000,223.320999,0.000003,0.003008,0.000003,0.999995,0.000000,-0.000310,0.000000
57,False,False,0.580000,0.000000,175.330002,1.031000,0.000000,217.901001,0.000003,0.003008,0.000003,0.999995,0.000000,-0.000310,0.000000
58,False,False,0.590000,0.000000,177.099991,1.031000,0.000000,212.481003,0.000003,0.003008,0.000003,0.999995,0.000000,-0.000310,0.000000
59,False,False,0.600000,0.000000,178.830002,1.031000,0.000000,207.061005,0.000003,0.003008,0.000003,0.999995,0.000000,-0.000310,0.000000
60,False,False,0.610000,0.000000,180.509995,1.031000,0.000000,201.641006,0.000003,0.003008,0.000003,0.999995,0.000000,-0.000310,0.000000
61,False,False,0.620000,0.000000,182.149994,1.031000,0.000000,196.221008,0.000003,0.003008,0.000003,0.999995,0.000000,-0.000310,0.000000
62,False,False,0.630000,0.000000,183.739990,1.031000,0.000000,190.801010,0.000003,0.003008,0.000003,0.999995,0.000000,-0.000310,0.000000
63,False,False,0.640000,0.000000,185.279999,1.031000,0.000000,185.380997,0.000003,0.003008,0.000003,0.999995,0.000000,-0.000310,0.000000
64,False,False,0.650000,0.000000,186.779999,1.031000,0.000000,179.960999,0.000003,0.003008,0.000003,0.999995,0.000000,-0.000310,0.000000
65,False,False,0.660000,0.000000,188.229996,1.031000,0.000000,174.541000,0.000003,0.003008,0.000003,0.999995,0.000000,-0.000310,0.000000
66,False,False,0.670000,0.000000,189.639999,1.031000,0.000000,169.121002,0.000003,0.003008,0.000003,0.999995,0.000000,-0.000310,0.000000
67,False,False,0.680000,0.000000,191.000000,1.031000,0.000000,163.701004,0.000003,0.003008,0.000003,0.999995,0.000000,-0.000310,0.000000
68,False,False,0.690000,0.000000,192.319992,1.031000,0.000000,158.281006,0.000003,0.003008,0.000003,0.999995,0.000000,-0.000310,0.000000
69,False,False,0.700000,0.000000,193.589996,1.031000,0.000000,152.861008,0.000003,0.003008,0.000003,0.999995,0.000000,-0.000310,0.000000
70,False,False,0.710000,0.000000,194.819992,1.031000,0.000000,147.441010,0.000003,0.003008,0.000003,0.999995,0.000000,-0.000310,0.000000
71,True,True,0.730000,0.000000,198.429993,2.781000,0.000000,433.681000,0.000003,0.003008,0.000003,0.999995,0.000000,-0.000310,0.000000
72,True,True,0.750000,0.000000,202.000000,2.781000,0.000000,428.260986,0.000003,0.003008,0.000003,0.999995,0.000000,-0.000310,0.000000
73,True,True,0.770000,0.000000,205.519989,2.781000,0.000000,422.841003,0.000003,0.003008,0.000003,0.999995,0.000000,-0.000310,0.000000
74,True,True,0.790000,0.000000,209.000000,2.781000,0.000000,417.420990,0.000003,0.003008,0.000003,0.999995,0.000000,-0.000310,0.000000
75,True,True,0.810000,0.000000,212.429993,2.781000,0.000000,412.001007,0.000003,0.003008,0.000003,0.999995,0.000000,-0.000310,0.000000
76,True,True,0.830000,0.000000,215.819992,2.781000,0.000000,406.580994,0.000003,0.003008,0.000003,0.999995,0.000000,-0.000310,0.000000
77,True,True,0.850000,0.000000,219.159988,2.781000,0.000000,401.161011,0.000003,0.003008,0.000003,0.999995,0.000000,-0.000310,0.000000
78,True,True,0.870000,0.000000,222.459991,2.781000,0.000000,395.740997,0.000003,0.003008,0.000003,0.999995,0.000000,-0.000310,0.000000
79,True,True,0.890000,0.000000,225.709991,2.781000,0.000000,390.320984,0.000003,0.003008,0.000003,0.999995,0.000000,-0.000310,0.000000
80,True,True,0.910000,0.000000,228.919998,2.781000,0.000000,384.901001,0.000003,0.003008,0.000003,0.999995,0.000000,-0.000310,0.000000
81,True,True,0.930000,0.000000,232.080002,2.781000,0.000000,379.480988,0.000003,0.003008,0.000003,0.999995,0.000000,-0.000310,0.000000
82,True,True,0.950000,0.000000,235.199997,2.781000,0.000000,374.061005,0.000003,0.003008,0.000003,0.999995,0.000000,-0.000310,0.000000
83,True,True,0.970000,0.000000,238.269989,2.781000,0.000000,368.640991,0.000003,0.003008,0.000003,0.999995,0.000000,-0.000310,0.000000
84,True,True,0.990000,0.000000,241.299988,2.781000,0.000000,363.221008,0.000003,0.003008,0.000003,0.999995,0.000000,-0.000310,0.000000
85,True,True,1.010000,0.000000,244.279999,2.781000,0.000000,357.800995,0.000003,0.003008,0.000003,0.999995,0.000000,-0.000310,0.000000
86,True,True,1.030000,0.000000,247.220001,2.781000,0.000000,352.381012,0.000003,0.003008,0.000003,0.999995,0.000000,-0.000310,0.000000
87,True,True,1.050000,0.000000,250.110001,2.781000,0.000000,346.960999,0.000003,0.003008,0.000003,0.999995,0.000000,-0.000310,0.000000
88,True,True,1.070000,0.000000,252.959991,2.781000,0.000000,341.540985,0.000003,0.003008,0.000003,0.999995,0.000000,-0.000310,0.000000
89,True,True,1.090000,0.000000,255.759995,2.781000,0.000000,336.121002,0.000003,0.003008,0.000003,0.999995,0.000000,-0.000310,0.000000
90,True,True,1.110000,0.000000,258.519989,2.781000,0.000000,330.700989,0.000003,0.003008,0.000003,0.999995,0.000000,-0.000310,0.000000
91,True,True,1.130000,0.000000,261.229980,2.781000,0.000000,325.281006,0.000003,0.003008,0.000003,0.999995,0.000000,-0.000310,0.000000
92,True,True,1.150000,0.000000,263.899994,2.781000,0.000000,319.860992,0.000003,0.003008,0.000003,0.999995,0.000000,-0.000310,0.000000
93,True,True,1.170000,0.000000,266.519989,2.781000,0.000000,314.441010,0.000003,0.003008,0.000003,0.999995,0.000000,-0.000310,0.000000
94,True,True,1.190000,0.000000,269.100006,2.781000,0.000000,309.020996,0.000003,0.003008,0.000003,0.999995,0.000000,-0.000310,0.000000
95,True,True,1.210000,0.000000,271.630005,2.781000,0.000000,303.601013,0.000003,0.003008,0.000003,0.999995,0.000000,-0.000310,0.000000
96,True,True,1.230000,0.000000,274.109985,2.781000,0.000000,298.181000,0.000003,0.003008,0.000003,0.999995,0.000000,-0.000310,0.000000
97,True,True,1.250000,0.000000,276.549988,2.781000,0.000000,292.760986,0.000003,0.003008,0.000003,0.999995,0.000000,-0.000310,0.000000
98,True,True,1.270000,0.000000,278.940002,2.781000,0.000000,287.341003,0.000003,0.003008,0.000003,0.999995,0.000000,-0.000310,0.000000
99,True,True,1.290000,0.000000,281.290009,2.781000,0.000000,281.920990,0.000003,0.003008,0.000003,0.999995,0.000000,-0.000310,0.000000
100,True,True,1.310000,0.000000,283.589996,2.781000,0.000000,276.501007,0.000003,0.003008,0.000003,0.999995,0.000000,-0.000310,0.000000
101,True,True,1.330000,0.000000,285.850006,2.781000,0.000000,271.080994,0.000003,0.003008,0.000003,0.999995,0.000000,-0.000310,0.000000
102,True,True,1.350000,0.000000,288.059998,2.781000,0.000000,265.661011,0.000003,0.003008,0.000003,0.999995,0.000000,-0.000310,0.000000
103,True,True,1.370000,0.000000,290.229980,2.781000,0.000000,260.240997,0.000003,0.003008,0.000003,0.999995,0.000000,-0.000310,0.000000
104,True,True,1.390000,0.000000,292.350006,2.781000,0.000000,254.820999,0.000003,0.003008,0.000003,0.999995,0.000000,-0.000310,0.000000
105,True,True,1.410000,0.000000,294.429993,2.781000,0.000000,249.401001,0.000003,0.003008,0.000003,0.999995,0.000000,-0.000310,0.000000
106,True,True,1.430000,0.000000,296.459991,2.781000,0.000000,243.981003,0.000003,0.003008,0.000003,0.999995,0.000000,-0.000310,0.000000
107,True,True,1.450000,0.000000,298.449982,2.781000,0.000000,238.561005,0.000003,0.003008,0.000003,0.999995,0.000000,-0.000310,0.000000
108,True,True,1.470000,0.000000,300.389984,2.781000,0.000000,233.141006,0.000003,0.003008,0.000003,0.999995,0.000000,-0.000310,0.000000
109,True,True,1.490000,0.000000,302.289978,2.781000,0.000000,227.721008,0.000003,0.003008,0.000003,0.999995,0.000000,-0.000310,0.000000
110,True,True,1.510000,0.000000,304.139984,2.781000,0.000000,222.300995,0.000003,0.003008,0.000003,0.999995,0.000000,-0.000310,0.000000
111,True,True,1.530000,0.000000,305.949982,2.781000,0.000000,216.880997,0.000003,0.003008,0.000003,0.999995,0.000000,-0.000310,0.000000
112,True,True,1.550000,0.000000,307.709991,2.781000,0.000000,211.460999,0.000003,0.003008,0.000003,0.999995,0.000000,-0.000310,0.000000
113,True,True,1.570000,0.000000,309.429993,2.781000,0.000000,206.041000,0.000003,0.003008,0.000003,0.999995,0.000000,-0.000310,0.000000
114,True,True,1.590000,0.000000,311.100006,2.781000,0.000000,200.621002,0.000003,0.003008,0.000003,0.999995,0.000000,-0.000310,0.000000
115,True,True,1.610000,0.000000,312.729980,2.781000,0.000000,195.201004,0.000003,0.003008,0.000003,0.999995,0.000000,-0.000310,0.000000
116,True,True,1.630000,0.000000,314.309998,2.781000,0.000000,189.781006,0.000003,0.003008,0.000003,0.999995,0.000000,-0.000310,0.000000
117,True,True,1.650000,0.000000,315.850006,2.781000,0.000000,184.361008,0.000003,0.003008,0.000003,0.999995,0.000000,-0.000310,0.000000
118,True,True,1.670000,0.000000,317.339996,2.781000,0.000000,178.941010,0.000003,0.003008,0.000003,0.999995,0.000000,-0.000310,0.000000
119,True,True,1.690000,0.000000,318.789978,2.781000,0.000000,173.520996,0.000003,0.003008,0.000003,0.999995,0.000000,-0.000310,0.000000
120,True,True,1.710000,0.000000,320.190002,2.781000,0.000000,168.100998,0.000003,0.003008,0.000003,0.999995,0.000000,-0.000310,0.000000
121,True,True,1.730000,0.000000,321.549988,2.781000,0.000000,162.681000,0.000003,0.003008,0.000003,0.999995,0.000000,-0.000310,0.000000
122,True,True,1.750000,0.000000,322.859985,2.781000,0.000000,157.261002,0.000003,0.003008,0.000003,0.999995,0.000000,-0.000310,0.000000
123,True,True,1.770000,0.000000,324.130005,2.781000,0.000000,151.841003,0.000003,0.003008,0.000003,0.999995,0.000000,-0.000310,0.000000
124,True,True,1.790000,0.000000,325.350006,2.781000,0.000000,146.421005,0.000003,0.003008,0.000003,0.999995,0.000000,-0.000310,0.000000
125,True,True,1.810000,0.000000,326.529999,2.781000,0.000000,141.001007,0.000003,0.003008,0.000003,0.999995,0.000000,-0.000310,0.000000
126,True,True,1.830000,0.000000,327.660004,2.781000,0.000000,135.581009,0.000003,0.003008,0.000003,0.999995,0.000000,-0.000310,0.000000
127,True,True,1.850000,0.000000,328.739990,2.781000,0.000000,130.161011,0.000003,0.003008,0.000003,0.999995,0.000000,-0.000310,0.000000
128,True,True,1.870000,0.000000,329.779999,2.781000,0.000000,124.740997,0.000003,0.003008,0.000003,0.999995,0.000000,-0.000310,0.000000
129,True,True,1.890000,0.000000,330.769989,2.781000,0.000000,119.320999,0.000003,0.003008,0.000003,0.999995,0.000000,-0.000310,0.000000
130,True,True,1.910000,0.000000,331.720001,2.781000,0.000000,113.900993,0.000003,0.003008,0.000003,0.999995,0.000000,-0.000310,0.000000
131,True,True,1.930000,0.000000,332.619995,2.781000,0.000000,108.480995,0.000003,0.003008,0.000003,0.999995,0.000000,-0.000310,0.000000
132,True,True,1.950000,0.000000,333.479980,2.781000,0.000000,103.060997,0.000003,0.003008,0.000003,0.999995,0.000000,-0.000310,0.000000
133,True,True,1.970000,0.000000,334.289978,2.781000,0.000000,97.640999,0.000003,0.003008,0.000003,0.999995,0.000000,-0.000310,0.000000
134,True,True,1.990000,0.000000,335.059998,2.781000,0.000000,92.221001,0.000003,0.003008,0.000003,0.999995,0.000000,-0.000310,0.000000
135,True,True,2.010000,0.000000,335.779999,2.781000,0.000000,86.800995,0.000003,0.003008,0.000003,0.999995,0.000000,-0.000310,0.000000
136,True,True,2.030000,0.000000,336.459991,2.781000,0.000000,81.380997,0.000003,0.003008,0.000003,0.999995,0.000000,-0.000310,0.000000
137,True,True,2.050000,0.000000,337.089996,2.781000,0.000000,75.960999,0.000003,0.003008,0.000003,0.999995,0.000000,-0.000310,0.000000
138,True,True,2.070000,0.000000,337.679993,2.781000,0.000000,70.541000,0.000003,0.003008,0.000003,0.999995,0.000000,-0.000310,0.000000
139,True,True,2.090000,0.000000,338.220001,2.781000,0.000000,65.120995,0.000003,0.003008,0.000003,0.999995,0.000000,-0.000310,0.000000
140,True,True,2.110000,0.000000,338.720001,2.781000,0.000000,59.700996,0.000003,0.003008,0.000003,0.999995,0.000000,-0.000310,0.000000
141,True,True,2.130000,0.000000,339.169983,2.781000,0.000000,54.280998,0.000003,0.003008,0.000003,0.999995,0.000000,-0.000310,0.000000
142,True,True,2.150000,0.000000,339.579987,2.781000,0.000000,48.861000,0.000003,0.003008,0.000003,0.999995,0.000000,-0.000310,0.000000
143,True,True,2.170000,0.000000,339.940002,2.781000,0.000000,43.440998,0.000003,0.003008,0.000003,0.999995,0.000000,-0.000310,0.000000
144,True,True,2.190000,0.000000,340.259979,2.781000,0.000000,38.021000,0.000003,0.003008,0.000003,0.999995,0.000000,-0.000310,0.000000
145,True,True,2.210000,0.000000,340.529999,2.781000,0.000000,32.600998,0.000003,0.003008,0.000003,0.999995,0.000000,-0.000310,0.000000
146,True,True,2.230000,0.000000,340.759979,2.781000,0.000000,27.181000,0.000003,0.003008,0.000003,0.999995,0.000000,-0.000310,0.000000
147,True,True,2.250000,0.000000,340.940002,2.781000,0.000000,21.761000,0.000003,0.003008,0.000003,0.999995,0.000000,-0.000310,0.000000
148,True,True,2.270000,0.000000,341.079987,2.781000,0.000000,16.341000,0.000003,0.003008,0.000003,0.999995,0.000000,-0.000310,0.000000
149,True,True,2.290000,0.000000,341.169983,2.781000,0.000000,10.921000,0.000003,0.003008,0.000003,0.999995,0.000000,-0.000310,0.000000
150,True,True,2.310000,0.000000,341.220001,2.781000,0.000000,5.501000,0.000003,0.003008,0.000003,0.999995,0.000000,-0.000310,0.000000
151,True,True,2.330000,0.000000,341.220001,2.781000,0.000000,0.081000,0.000003,0.003008,0.000003,0.999995,0.000000,-0.000310,0.000000
152,True,True,2.350000,0.000000,341.179993,2.781000,0.000000,-5.331000,0.000003,0.003008,0.000003,0.999995,0.000000,-0.000310,0.000000
153,True,True,2.370000,0.000000,341.089996,2.781000,0.000000,-10.741000,0.000003,0.003008,0.000003,0.999995,0.000000,-0.000310,0.000000
154,True,True,2.390000,0.000000,340.959991,2.781000,0.000000,-16.150999,0.000003,0.003008,0.000003,0.999995,0.000000,-0.000310,0.000000
155,True,True,2.410000,0.000000,340.779999,2.781000,0.000000,-21.560999,0.000003,0.003008,0.000003,0.999995,0.000000,-0.000310,0.000000
156,True,True,2.430000,0.000000,340.559998,2.781000,0.000000,-26.970999,0.000003,0.003008,0.000003,0.999995,0.000000,-0.000310,0.000000
157,True,True,2.450000,0.000000,340.289978,2.781000,0.000000,-32.381001,0.000003,0.003008,0.000003,0.999995,0.000000,-0.000310,0.000000
158,True,True,2.470000,0.000000,339.979980,2.781000,0.000000,-37.791000,0.000003,0.003008,0.000003,0.999995,0.000000,-0.000310,0.000000
159,True,True,2.490000,0.000000,339.619995,2.781000,0.000000,-43.201000,0.000003,0.003008,0.000003,0.999995,0.000000,-0.000310,0.000000
160,True,True,2.510000,0.000000,339.209991,2.781000,0.000000,-48.611000,0.000003,0.003008,0.000003,0.999995,0.000000,-0.000310,0.000000
161,True,True,2.530000,0.000000,338.759979,2.781000,0.000000,-54.021000,0.000003,0.003008,0.000003,0.999995,0.000000,-0.000310,0.000000
162,True,True,2.550000,0.000000,338.259979,2.781000,0.000000,-59.431000,0.000003,0.003008,0.000003,0.999995,0.000000,-0.000310,0.000000
163,True,True,2.570000,0.000000,337.720001,2.781000,0.000000,-64.840996,0.000003,0.003008,0.000003,0.999995,0.000000,-0.000310,0.000000
164,True,True,2.590000,0.000000,337.130005,2.781000,0.000000,-70.250999,0.000003,0.003008,0.000003,0.999995,0.000000,-0.000310,0.000000
165,True,True,2.610000,0.000000,336.500000,2.781000,0.000000,-75.660995,0.000003,0.003008,0.000003,0.999995,0.000000,-0.000310,0.000000
166,True,True,2.630000,0.000000,335.820007,2.781000,0.000000,-81.070999,0.000003,0.003008,0.000003,0.999995,0.000000,-0.000310,0.000000
167,True,True,2.650000,0.000000,335.100006,2.781000,0.000000,-86.480995,0.000003,0.003008,0.000003,0.999995,0.000000,-0.000310,0.000000
168,True,True,2.670000,0.000000,334.329987,2.781000,0.000000,-91.890999,0.000003,0.003008,0.000003,0.999995,0.000000,-0.000310,0.000000
169,True,True,2.690000,0.000000,333.519989,2.781000,0.000000,-97.300995,0.000003,0.003008,0.000003,0.999995,0.000000,-0.000310,0.000000
170,True,True,2.710000,0.000000,332.660004,2.781000,0.000000,-102.710999,0.000003,0.003008,0.000003,0.999995,0.000000,-0.000310,0.000000
171,True,True,2.730000,0.000000,331.759979,2.781000,0.000000,-108.120995,0.000003,0.003008,0.000003,0.999995,0.000000,-0.000310,0.000000
172,True,True,2.750000,0.000000,330.809998,2.781000,0.000000,-113.530998,0.000003,0.003008,0.000003,0.999995,0.000000,-0.000310,0.000000
173,True,True,2.770000,0.000000,329.820007,2.781000,0.000000,-118.940994,0.000003,0.003008,0.000003,0.999995,0.000000,-0.000310,0.000000
174,True,True,2.790000,0.000000,328.779999,2.781000,0.000000,-124.350998,0.000003,0.003008,0.000003,0.999995,0.000000,-0.000310,0.000000
175,True,True,2.810000,0.000000,327.699982,2.781000,0.000000,-129.761002,0.000003,0.003008,0.000003,0.999995,0.000000,-0.000310,0.000000
176,True,True,2.830000,0.000000,326.570007,2.781000,0.000000,-135.171005,0.000003,0.003008,0.000003,0.999995,0.000000,-0.000310,0.000000
177,True,True,2.850000,0.000000,325.399994,2.781000,0.000000,-140.581009,0.000003,0.003008,0.000003,0.999995,0.000000,-0.000310,0.000000
178,True,True,2.870000,0.000000,324.179993,2.781000,0.000000,-145.990997,0.000003,0.003008,0.000003,0.999995,0.000000,-0.000310,0.000000
179,True,True,2.890000,0.000000,322.919983,2.781000,0.000000,-151.401001,0.000003,0.003008,0.000003,0.999995,0.000000,-0.000310,0.000000
180,True,True,2.910000,0.000000,321.609985,2.781000,0.000000,-156.811005,0.000003,0.003008,0.000003,0.999995,0.000000,-0.000310,0.000000
181,True,True,2.930000,0.000000,320.259979,2.781000,0.000000,-162.221008,0.000003,0.003008,0.000003,0.999995,0.000000,-0.000310,0.000000
182,True,True,2.950000,0.000000,318.859985,2.781000,0.000000,-167.630997,0.000003,0.003008,0.000003,0.999995,0.000000,-0.000310,0.000000
183,True,True,2.970000,0.000000,317.419983,2.781000,0.000000,-173.041000,0.000003,0.003008,0.000003,0.999995,0.000000,-0.000310,0.000000
184,True,True,2.990000,0.000000,315.929993,2.781000,0.000000,-178.451004,0.000003,0.003008,0.000003,0.999995,0.000000,-0.000310,0.000000
185,True,True,3.010000,0.000000,314.399994,2.781000,0.000000,-183.861008,0.000003,0.003008,0.000003,0.999995,0.000000,-0.000310,0.000000
186,True,True,3.030000,0.000000,312.820007,2.781000,0.000000,-189.270996,0.000003,0.003008,0.000003,0.999995,0.000000,-0.000310,0.000000
187,True,True,3.050000,0.000000,311.199982,2.781000,0.000000,-194.681000,0.000003,0.003008,0.000003,0.999995,0.000000,-0.000310,0.000000
188,True,True,3.070000,0.000000,309.529999,2.781000,0.000000,-200.091003,0.000003,0.003008,0.000003,0.999995,0.000000,-0.000310,0.000000
189,True,True,3.090000,0.000000,307.820007,2.781000,0.000000,-205.501007,0.000003,0.003008,0.000003,0.999995,0.000000,-0.000310,0.000000
190,True,True,3.110000,0.000000,306.059998,2.781000,0.000000,-210.910995,0.000003,0.003008,0.000003,0.999995,0.000000,-0.000310,0.000000
191,True,True,3.130000,0.000000,304.259979,2.781000,0.000000,-216.320999,0.000003,0.003008,0.000003,0.999995,0.000000,-0.000310,0.000000
192,True,True,3.150000,0.000000,302.410004,2.781000,0.000000,-221.731003,0.000003,0.003008,0.000003,0.999995,0.000000,-0.000310,0.000000
193,True,True,3.170000,0.000000,300.519989,2.781000,0.000000,-227.141006,0.000003,0.003008,0.000003,0.999995,0.000000,-0.000310,0.000000
194,True,True,3.190000,0.000000,298.579987,2.781000,0.000000,-232.550995,0.000003,0.003008,0.000003,0.999995,0.000000,-0.000310,0.000000
195,True,True,3.210000,0.000000,296.600006,2.781000,0.000000,-237.960999,0.000003,0.003008,0.000003,0.999995,0.000000,-0.000310,0.000000
196,True,True,3.230000,0.000000,294.570007,2.781000,0.000000,-243.371002,0.000003,0.003008,0.000003,0.999995,0.000000,-0.000310,0.000000
197,True,True,3.250000,0.000000,292.500000,2.781000,0.000000,-248.781006,0.000003,0.003008,0.000003,0.999995,0.000000,-0.000310,0.000000
198,True,True,3.270000,0.000000,290.380005,2.781000,0.000000,-254.190994,0.000003,0.003008,0.000003,0.999995,0.000000,-0.000310,0.000000
199,True,True,3.290000,0.000000,288.220001,2.781000,0.000000,-259.601013,0.000003,0.003008,0.000003,0.999995,0.000000,-0.000310,0.000000
200,True,True,3.310000,0.000000,286.009979,2.781000,0.000000,-265.010986,0.000003,0.003008,0.000003,0.999995,0.000000,-0.000310,0.000000
201,True,True,3.330000,0.000000,283.759979,2.781000,0.000000,-270.420990,0.000003,0.003008,0.000003,0.999995,0.000000,-0.000310,0.000000
202,True,True,3.350000,0.000000,281.459991,2.781000,0.000000,-275.830994,0.000003,0.003008,0.000003,0.999995,0.000000,-0.000310,0.000000
203,True,True,3.370000,0.000000,279.119995,2.781000,0.000000,-281.240997,0.000003,0.003008,0.000003,0.999995,0.000000,-0.000310,0.000000
204,True,True,3.390000,0.000000,276.729980,2.781000,0.000000,-286.651001,0.000003,0.003008,0.000003,0.999995,0.000000,-0.000310,0.000000
205,True,True,3.410000,0.000000,274.299988,2.781000,0.000000,-292.061005,0.000003,0.003008,0.000003,0.999995,0.000000,-0.000310,0.000000
206,True,True,3.430000,0.000000,271.820007,2.781000,0.000000,-297.471008,0.000003,0.003008,0.000003,0.999995,0.000000,-0.000310,0.000000
207,True,True,3.450000,0.000000,269.299988,2.781000,0.000000,-302.881012,0.000003,0.003008,0.000003,0.999995,0.000000,-0.000310,0.000000
208,True,True,3.470000,0.000000,266.729980,2.781000,0.000000,-308.290985,0.000003,0.003008,0.000003,0.999995,0.000000,-0.000310,0.000000
209,True,True,3.490000,0.000000,264.119995,2.781000,0.000000,-313.700989,0.000003,0.003008,0.000003,0.999995,0.000000,-0.000310,0.000000
210,True,True,3.510000,0.000000,261.459991,2.781000,0.000000,-319.110992,0.000003,0.003008,0.000003,0.999995,0.000000,-0.000310,0.000000
211,True,True,3.530000,0.000000,258.759979,2.781000,0.000000,-324.520996,0.000003,0.003008,0.000003,0.999995,0.000000,-0.000310,0.000000
212,True,True,3.550000,0.000000,256.009979,2.781000,0.000000,-329.931000,0.000003,0.003008,0.000003,0.999995,0.000000,-0.000310,0.000000
213,True,True,3.570000,0.000000,253.220001,2.781000,0.000000,-335.341003,0.000003,0.003008,0.000003,0.999995,0.000000,-0.000310,0.000000
214,True,True,3.590000,0.000000,250.379990,2.781000,0.000000,-340.751007,0.000003,0.003008,0.000003,0.999995,0.000000,-0.000310,0.000000
215,True,True,3.610000,0.000000,247.500000,2.781000,0.000000,-346.161011,0.000003,0.003008,0.000003,0.999995,0.000000,-0.000310,0.000000
216,True,True,3.630000,0.000000,244.569992,2.781000,0.000000,-351.571014,0.000003,0.003008,0.000003,0.999995,0.000000,-0.000310,0.000000
217,True,True,3.650000,0.000000,241.599991,2.781000,0.000000,-356.980988,0.000003,0.003008,0.000003,0.999995,0.000000,-0.000310,0.000000
218,True,True,3.670000,0.000000,238.580002,2.781000,0.000000,-362.390991,0.000003,0.003008,0.000003,0.999995,0.000000,-0.000310,0.000000
219,True,True,3.690000,0.000000,235.509995,2.781000,0.000000,-367.800995,0.000003,0.003008,0.000003,0.999995,0.000000,-0.000310,0.000000
220,True,True,3.710000,0.000000,232.399994,2.781000,0.000000,-373.210999,0.000003,0.003008,0.000003,0.999995,0.000000,-0.000310,0.000000
221,True,True,3.730000,0.000000,229.239990,2.781000,0.000000,-378.621002,0.000003,0.003008,0.000003,0.999995,0.000000,-0.000310,0.000000
222,True,True,3.750000,0.000000,226.039993,2.781000,0.000000,-384.031006,0.000003,0.003008,0.000003,0.999995,0.000000,-0.000310,0.000000
223,True,True,3.770000,0.000000,222.789993,2.781000,0.000000,-389.441010,0.000003,0.003008,0.000003,0.999995,0.000000,-0.000310,0.000000
224,True,True,3.790000,0.000000,219.500000,2.781000,0.000000,-394.851013,0.000003,0.003008,0.000003,0.999995,0.000000,-0.000310,0.000000
225,True,True,3.810000,0.000000,216.159988,2.781000,0.000000,-400.260986,0.000003,0.003008,0.000003,0.999995,0.000000,-0.000310,0.000000
226,True,True,3.830000,0.000000,212.779999,2.781000,0.000000,-405.670990,0.000003,0.003008,0.000003,0.999995,0.000000,-0.000310,0.000000
227,True,True,3.850000,0.000000,209.349991,2.781000,0.000000,-411.080994,0.000003,0.003008,0.000003,0.999995,0.000000,-0.000310,0.000000
228,True,True,3.870000,0.000000,205.879990,2.781000,0.000000,-416.490997,0.000003,0.003008,0.000003,0.999995,0.000000,-0.000310,0.000000
229,True,True,3.890000,0.000000,202.360001,2.781000,0.000000,-421.901001,0.000003,0.003008,0.000003,0.999995,0.000000,-0.000310,0.000000
230,True,True,3.910000,0.000000,198.800003,2.781000,0.000000,-427.311005,0.000003,0.003008,0.000003,0.999995,0.000000,-0.000310,0.000000
231,True,True,3.930000,0.000000,195.190002,2.781000,0.000000,-432.721008,0.000003,0.003008,0.000003,0.999995,0.000000,-0.000310,0.000000
232,True,True,3.950000,0.000000,191.539993,2.781000,0.000000,-438.131012,0.000003,0.003008,0.000003,0.999995,0.000000,-0.000310,0.000000
233,True,True,3.970000,0.000000,187.839996,2.781000,0.000000,-443.540985,0.000003,0.003008,0.000003,0.999995,0.000000,-0.000310,0.000000
234,True,True,3.990000,0.000000,184.099991,2.781000,0.000000,-448.950989,0.000003,0.003008,0.000003,0.999995,0.000000,-0.000310,0.000000
235,True,True,4.010000,0.000000,180.309998,2.781000,0.000000,-454.360992,0.000003,0.003008,0.000003,0.999995,0.000000,-0.000310,0.000000
236,True,True,4.030000,0.000000,176.479996,2.781000,0.000000,-459.770996,0.000003,0.003008,0.000003,0.999995,0.000000,-0.000310,0.000000
237,True,True,4.050000,0.000000,172.599991,2.781000,0.000000,-465.181000,0.000003,0.003008,0.000003,0.999995,0.000000,-0.000310,0.000000
238,True,True,4.070000,0.000000,168.679993,2.781000,0.000000,-470.591003,0.000003,0.003008,0.000003,0.999995,0.000000,-0.000310,0.000000
239,True,True,4.090000,0.000000,164.709991,2.781000,0.000000,-476.001007,0.000003,0.003008,0.000003,0.999995,0.000000,-0.000310,0.000000
240,True,True,4.110000,0.000000,160.699997,2.781000,0.000000,-481.411011,0.000003,0.003008,0.000003,0.999995,0.000000,-0.000310,0.000000
241,True,True,4.130000,0.000000,156.639999,2.781000,0.000000,-486.820984,0.000003,0.003008,0.000003,0.999995,0.000000,-0.000310,0.000000
242,True,True,4.150000,0.000000,152.539993,2.781000,0.000000,-492.230988,0.000003,0.003008,0.000003,0.999995,0.000000,-0.000310,0.000000
243,True,True,4.170000,0.000000,148.389999,2.781000,0.000000,-497.640991,0.000003,0.003008,0.000003,0.999995,0.000000,-0.000310,0.000000
244,True,True,4.190000,0.000000,144.199997,2.781000,0.000000,-503.050995,0.000003,0.003008,0.000003,0.999995,0.000000,-0.000310,0.000000
245,True,True,4.210000,0.000000,139.959991,2.781000,0.000000,-508.460999,0.000003,0.003008,0.000003,0.999995,0.000000,-0.000310,0.000000
246,True,True,4.230000,0.000000,135.679993,2.781000,0.000000,-513.870972,0.000003,0.003008,0.000003,0.999995,0.000000,-0.000310,0.000000
247,True,True,4.250000,0.000000,131.349991,2.781000,0.000000,-519.280945,0.000003,0.003008,0.000003,0.999995,0.000000,-0.000310,0.000000
248,True,True,4.270000,0.000000,126.979996,2.781000,0.000000,-524.690979,0.000003,0.003008,0.000003,0.999995,0.000000,-0.000310,0.000000
249,True,True,4.290000,0.000000,122.559998,2.781000,0.000000,-530.100952,0.000003,0.003008,0.000003,0.999995,0.000000,-0.000310,0.000000
250,True,True,4.310000,0.000000,118.099998,2.781000,0.000000,-535.510986,0.000003,0.003008,0.000003,0.999995,0.000000,-0.000310,0.000000
251,True,True,4.330000,0.000000,113.589996,2.781000,0.000000,-540.920959,0.000003,0.003008,0.000003,0.999995,0.000000,-0.000310,0.000000
252,True,True,4.350000,0.000000,109.040001,2.781000,0.000000,-546.330994,0.000003,0.003008,0.000003,0.999995,0.000000,-0.000310,0.000000
253,True,True,4.370000,0.000000,104.439995,2.781000,0.000000,-551.740967,0.000003,0.003008,0.000003,0.999995,0.000000,-0.000310,0.000000
254,True,True,4.390000,0.000000,99.799995,2.781000,0.000000,-557.150940,0.000003,0.003008,0.000003,0.999995,0.000000,-0.000310,0.000000
255,True,True,4.410000,0.000000,95.110001,2.781000,0.000000,-562.560974,0.000003,0.003008,0.000003,0.999995,0.000000,-0.000310,0.000000
256,True,True,4.430000,0.000000,90.379997,2.781000,0.000000,-567.970947,0.000003,0.003008,0.000003,0.999995,0.000000,-0.000310,0.000000
257,True,True,4.450000,0.000000,85.599998,2.781000,0.000000,-573.380981,0.000003,0.003008,0.000003,0.999995,0.000000,-0.000310,0.000000
258,True,True,4.470000,0.000000,80.779999,2.781000,0.000000,-578.790955,0.000003,0.003008,0.000003,0.999995,0.000000,-0.000310,0.000000
259,True,True,4.490000,0.000000,75.909996,2.781000,0.000000,-584.200989,0.000003,0.003008,0.000003,0.999995,0.000000,-0.000310,0.000000
260,True,True,4.510000,0.000000,71.000000,2.781000,0.000000,-589.610962,0.000003,0.003008,0.000003,0.999995,0.000000,-0.000310,0.000000
261,True,True,4.530000,0.000000,66.040001,2.781000,0.000000,-595.020935,0.000003,0.003008,0.000003,0.999995,0.000000,-0.000310,0.000000
262,True,True,4.550000,0.000000,61.039997,2.781000,0.000000,-600.430969,0.000003,0.003008,0.000003,0.999995,0.000000,-0.000310,0.000000
263,True,True,4.570000,0.000000,55.989998,2.781000,0.000000,-605.840942,0.000003,0.003008,0.000003,0.999995,0.000000,-0.000310,0.000000
264,True,True,4.590000,0.000000,50.899998,2.781000,0.000000,-611.250977,0.000003,0.003008,0.000003,0.999995,0.000000,-0.000310,0.000000
265,True,True,4.610000,0.000000,45.759998,2.781000,0.000000,-616.660950,0.000003,0.003008,0.000003,0.999995,0.000000,-0.000310,0.000000
266,True,True,4.630000,0.000000,40.579998,2.781000,0.000000,-622.070984,0.000003,0.003008,0.000003,0.999995,0.000000,-0.000310,0.000000
267,True,True,4.650000,0.000000,35.349998,2.781000,0.000000,-627.480957,0.000003,0.003008,0.000003,0.999995,0.000000,-0.000310,0.000000
268,True,True,4.670000,0.000000,30.080000,-0.741000,0.000000,-540.450989,0.000003,0.003008,0.000003,0.999995,0.000000,0.010010,0.000000
269,True,True,4.660000,0.000000,25.510000,0.511000,0.000000,-454.661011,0.000003,0.003051,0.000003,0.999995,0.000000,0.015910,0.000000
270,True,True,4.660000,0.000000,21.650000,0.301000,0.000000,-370.681000,0.000003,0.003115,0.000003,0.999995,0.000000,0.018310,0.000000
271,True,True,4.660000,0.000000,18.490000,0.341000,0.000000,-291.031006,0.000003,0.003191,0.000003,0.999995,0.000000,0.018110,0.000000
272,True,True,4.660000,0.000000,16.000000,0.271000,0.000000,-106.291000,0.000003,0.003267,0.000003,0.999995,0.000000,0.149710,0.000000
273,True,True,4.660000,0.000000,15.049999,2.771000,0.000000,-15.621000,0.000003,0.003892,0.000003,0.999992,0.000000,0.106910,0.000000
274,True,True,4.680000,0.000000,14.849999,1.271000,0.000000,26.700998,0.000003,0.004340,0.000003,0.999991,0.000000,0.042510,0.000000
275,True,True,4.690000,0.000000,15.000000,0.471000,0.000000,42.150997,0.000003,0.004518,0.000003,0.999990,0.000000,-0.011110,0.000000
276,True,True,4.690000,0.000000,15.280000,-0.331000,0.000000,45.080997,0.000003,0.004470,0.000003,0.999990,0.000000,-0.026410,0.000000
277,True,True,4.690000,0.000000,15.589999,-0.431000,0.000000,45.591000,0.000003,0.004362,0.000003,0.999990,0.000000,-0.029210,0.000000
278,True,True,4.690000,0.000000,15.900000,-0.471000,0.000000,44.620998,0.000003,0.004238,0.000003,0.999991,0.000000,-0.029910,0.000000
279,True,True,4.690000,0.000000,16.199999,-0.481000,0.000000,42.720997,0.000003,0.004114,0.000003,0.999991,0.000000,-0.029210,0.000000
280,True,True,4.690000,0.000000,16.490000,-0.481000,0.000000,40.271000,0.000003,0.003989,0.000003,0.999992,0.000000,-0.027710,0.000000
281,True,True,4.690000,0.000000,16.760000,-0.461000,0.000000,37.510998,0.000003,0.003876,0.000003,0.999992,0.000000,-0.025610,0.000000
282,True,True,4.690000,0.000000,17.000000,-0.421000,0.000000,34.640999,0.000003,0.003768,0.000003,0.999993,0.000000,-0.023410,0.000000
283,True,True,4.690000,0.000000,17.219999,-0.391000,0.000000,31.830999,0.000003,0.003671,0.000003,0.999993,0.000000,-0.021010,0.000000
284,True,True,4.690000,0.000000,17.420000,-0.351000,0.000000,29.130999,0.000003,0.003585,0.000003,0.999994,0.000000,-0.018710,0.000000
285,True,True,4.690000,0.000000,17.600000,-0.321000,0.000000,26.591000,0.000003,0.003509,0.000003,0.999994,0.000000,-0.016610,0.000000
286,True,True,4.690000,0.000000,17.750000,-0.281000,0.000000,24.240999,0.000003,0.003439,0.000003,0.999994,0.000000,-0.014610,0.000000
287,True,True,4.690000,0.000000,17.879999,-0.251000,0.000000,22.130999,0.000003,0.003380,0.000003,0.999994,0.000000,-0.012810,0.000000
288,True,True,4.690000,0.000000,18.000000,-0.221000,0.000000,20.250999,0.000003,0.003326,0.000003,0.999994,0.000000,-0.011210,0.000000
289,True,True,4.690000,0.000000,18.100000,-0.191000,0.000000,18.570999,0.000003,0.003277,0.000003,0.999995,0.000000,-0.009710,0.000000
290,True,True,4.690000,0.000000,18.190001,-0.171000,0.000000,17.091000,0.000003,0.003240,0.000003,0.999995,0.000000,-0.008410,0.000000
291,True,True,4.690000,0.000000,18.260000,-0.141000,0.000000,15.781000,0.000003,0.003207,0.000003,0.999995,0.000000,-0.007310,0.000000
292,True,True,4.690000,0.000000,18.320000,-0.131000,0.000000,14.661000,0.000003,0.003175,0.000003,0.999995,0.000000,-0.006310,0.000000
293,True,True,4.690000,0.000000,18.369999,-0.111000,0.000000,13.701000,0.000003,0.003148,0.000003,0.999995,0.000000,-0.005410,0.000000
294,True,True,4.690000,0.000000,18.420000,-0.091000,0.000000,12.881001,0.000003,0.003126,0.000003,0.999995,0.000000,-0.004610,0.000000
295,True,True,4.690000,0.000000,18.459999,-0.081000,0.000000,12.161000,0.000003,0.003105,0.000003,0.999995,0.000000,-0.004010,0.000000
296,True,True,4.690000,0.000000,18.490000,-0.071000,0.000000,11.541000,0.000003,0.003089,0.000003,0.999995,0.000000,-0.003410,0.000000
297,True,True,4.690000,0.000000,18.520000,-0.061000,0.000000,11.021000,0.000003,0.003072,0.000003,0.999995,0.000000,-0.002910,0.000000
298,True,True,4.690000,0.000000,18.539999,-0.051000,0.000000,10.571000,0.000003,0.003062,0.000003,0.999995,0.000000,-0.002410,0.000000
299,True,True,4.690000,0.000000,18.559999,-0.041000,0.000000,10.201000,0.000003,0.003051,0.000003,0.999995,0.000000,-0.002110,0.000000
300,True,True,4.690000,0.000000,18.580000,-0.031000,0.000000,9.881001,0.000003,0.003040,0.000003,0.999995,0.000000,-0.001810,0.000000
301,True,True,4.690000,0.000000,18.590000,-0.031000,0.000000,9.601000,0.000003,0.003035,0.000003,0.999995,0.000000,-0.001510,0.000000
302,True,True,4.690000,0.000000,18.600000,-0.021000,0.000000,9.381001,0.000003,0.003029,0.000003,0.999995,0.000000,-0.001310,0.000000
303,True,True,4.690000,0.000000,18.609999,-0.021000,0.000000,9.201000,0.000003,0.003024,0.000003,0.999995,0.000000,-0.001110,0.000000
304,True,True,4.690000,0.000000,18.619999,-0.021000,0.000000,9.041000,0.000003,0.003018,0.000003,0.999995,0.000000,-0.000910,0.000000
305,True,True,4.690000,0.000000,18.629999,-0.011000,0.000000,8.901000,0.000003,0.003013,0.000003,0.999995,0.000000,-0.000810,0.000000
306,True,True,4.690000,0.000000,18.639999,-0.011000,0.000000,8.771000,0.000003,0.003008,0.000003,0.999995,0.000000,-0.000710,0.000000
307,True,True,4.690000,0.000000,18.650000,-0.011000,0.000000,8.641000,0.000003,0.003002,0.000003,0.999995,0.000000,-0.000510,0.000000
308,True,True,4.690000,0.000000,18.650000,0.000000,0.000000,8.521000,0.000003,0.003002,0.000003,0.999995,0.000000,-0.000410,0.000000
309,True,True,4.690000,0.000000,18.650000,0.000000,0.000000,8.441000,0.000003,0.003002,0.000003,0.999995,0.000000,-0.000310,0.000000
310,True,True,4.690000,0.000000,18.650000,0.000000,0.000000,8.391000,0.000003,0.003002,0.000003,0.999995,0.000000,-0.000310,0.000000
311,True,True,4.690000,0.000000,18.650000,0.000000,0.000000,8.361000,0.000003,0.003002,0.000003,0.999995,0.000000,-0.000310,0.000000
312,True,True,4.690000,0.000000,18.650000,0.000000,0.000000,8.341001,0.000003,0.003002,0.000003,0.999995,0.000000,-0.000310,0.000000
313,True,True,4.690000,0.000000,18.650000,0.000000,0.000000,8.331000,0.000003,0.003002,0.000003,0.999995,0.000000,-0.000310,0.000000
314,True,True,4.690000,0.000000,18.650000,0.000000,0.000000,8.321000,0.000003,0.003002,0.000003,0.999995,0.000000,-0.000310,0.000000
315,True,True,4.690000,0.000000,18.650000,0.000000,0.000000,8.321000,0.000003,0.003002,0.000003,0.999995,0.000000,-0.000310,0.000000
316,True,True,4.690000,0.000000,18.650000,0.000000,0.000000,8.321000,0.000003,0.003002,0.000003,0.999995,0.000000,-0.000310,0.000000
317,True,True,4.690000,0.000000,18.650000,0.000000,0.000000,8.321000,0.000003,0.003002,0.000003,0.999995,0.000000,-0.000310,0.000000
318,True,True,4.690000,0.000000,18.650000,0.000000,0.000000,8.321000,0.000003,0.003002,0.000003,0.999995,0.000000,-0.000310,0.000000
319,True,True,4.690000,0.000000,18.650000,0.000000,0.000000,8.321000,0.000003,0.003002,0.000003,0.999995,0.000000,-0.000310,0.000000
320,True,True,4.690000,0.000000,18.650000,0.000000,0.000000,8.321000,0.000003,0.003002,0.000003,0.999995,0.000000,-0.000310,0.000000
321,True,True,4.690000,0.000000,18.650000,0.000000,0.000000,8.321000,0.000003,0.003002,0.000003,0.999995,0.000000,-0.000310,0.000000
322,True,True,4.690000,0.000000,18.650000,0.000000,0.000000,8.321000,0.000003,0.003002,0.000003,0.999995,0.000000,-0.000310,0.000000
323,True,True,4.690000,0.000000,18.650000,0.000000,0.000000,8.321000,0.000003,0.003002,0.000003,0.999995,0.000000,-0.000310,0.000000
324,True,True,4.690000,0.000000,18.650000,0.000000,0.000000,8.321000,0.000003,0.003002,0.000003,0.999995,0.000000,-0.000310,0.000000
325,True,True,4.690000,0.000000,18.650000,0.000000,0.000000,8.321000,0.000003,0.003002,0.000003,0.999995,0.000000,-0.000310,0.000000
326,True,True,4.690000,0.000000,18.650000,0.000000,0.000000,8.321000,0.000003,0.003002,0.000003,0.999995,0.000000,-0.000310,0.000000
327,True,True,4.690000,0.000000,18.650000,0.000000,0.000000,8.321000,0.000003,0.003002,0.000003,0.999995,0.000000,-0.000310,0.000000
328,True,True,4.690000,0.000000,18.650000,0.000000,0.000000,8.321000,0.000003,0.003002,0.000003,0.999995,0.000000,-0.000310,0.000000
329,True,True,4.690000,0.000000,18.650000,0.000000,0.000000,8.321000,0.000003,0.003002,0.000003,0.999995,0.000000,-0.000310,0.000000
330,True,True,4.690000,0.000000,18.650000,0.000000,0.000000,8.321000,0.000003,0.003002,0.000003,0.999995,0.000000,-0.000310,0.000000
331,True,True,4.690000,0.000000,18.650000,0.000000,0.000000,8.321000,0.000003,0.003002,0.000003,0.999995,0.000000,-0.000310,0.000000
332,True,True,4.690000,0.000000,18.650000,0.000000,0.000000,8.321000,0.000003,0.003002,0.000003,0.999995,0.000000,-0.000310,0.000000
333,True,True,4.690000,0.000000,18.650000,0.000000,0.000000,8.321000,0.000003,0.003002,0.000003,0.999995,0.000000,-0.000310,0.000000
334,True,True,4.690000,0.000000,18.650000,0.000000,0.000000,8.321000,0.000003,0.003002,0.000003,0.999995,0.000000,-0.000310,0.000000
335,True,True,4.690000,0.000000,18.650000,0.000000,0.000000,8.321000,0.000003,0.003002,0.000003,0.999995,0.000000,-0.000310,0.000000
336,True,True,4.690000,0.000000,18.650000,0.000000,0.000000,8.321000,0.000003,0.003002,0.000003,0.999995,0.000000,-0.000310,0.000000
337,True,True,4.690000,0.000000,18.650000,0.000000,0.000000,8.321000,0.000003,0.003002,0.000003,0.999995,0.000000,-0.000310,0.000000
338,True,True,4.690000,0.000000,18.650000,0.000000,0.000000,8.321000,0.000003,0.003002,0.000003,0.999995,0.000000,-0.000310,0.000000
339,True,True,4.690000,0.000000,18.650000,0.000000,0.000000,8.321000,0.000003,0.003002,0.000003,0.999995,0.000000,-0.000310,0.000000
340,True,True,4.690000,0.000000,18.650000,0.000000,0.000000,8.321000,0.000003,0.003002,0.000003,0.999995,0.000000,-0.000310,0.000000
341,True,True,4.690000,0.000000,18.650000,0.000000,0.000000,8.321000,0.000003,0.003002,0.000003,0.999995,0.000000,-0.000310,0.000000
342,True,True,4.690000,0.000000,18.650000,0.000000,0.000000,8.321000,0.000003,0.003002,0.000003,0.999995,0.000000,-0.000310,0.000000
343,True,True,4.690000,0.000000,18.650000,0.000000,0.000000,8.321000,0.000003,0.003002,0.000003,0.999995,0.000000,-0.000310,0.000000
344,True,True,4.690000,0.000000,18.650000,0.000000,0.000000,8.321000,0.000003,0.003002,0.000003,0.999995,0.000000,-0.000310,0.000000
345,True,True,4.690000,0.000000,18.650000,0.000000,0.000000,8.321000,0.000003,0.003002,0.000003,0.999995,0.000000,-0.000310,0.000000
346,True,True,4.690000,0.000000,18.650000,0.000000,0.000000,8.321000,0.000003,0.003002,0.000003,0.999995,0.000000,-0.000310,0.000000
347,True,True,4.690000,0.000000,18.650000,0.000000,0.000000,8.321000,0.000003,0.003002,0.000003,0.999995,0.000000,-0.000310,0.000000
348,True,True,4.690000,0.000000,18.650000,0.000000,0.000000,8.321000,0.000003,0.003002,0.000003,0.999995,0.000000,-0.000310,0.000000
349,True,True,4.690000,0.000000,18.650000,0.000000,0.000000,8.321000,0.000003,0.003002,0.000003,0.999995,0.000000,-0.000310,0.000000
350,True,True,4.690000,0.000000,18.650000,0.000000,0.000000,8.321000,0.000003,0.003002,0.000003,0.999995,0.000000,-0.000310,0.000000
351,True,True,4.690000,0.000000,18.650000,0.000000,0.000000,8.321000,0.000003,0.003002,0.000003,0.999995,0.000000,-0.000310,0.000000
352,True,True,4.690000,0.000000,18.650000,0.000000,0.000000,8.321000,0.000003,0.003002,0.000003,0.999995,0.000000,-0.000310,0.000000
353,True,True,4.690000,0.000000,18.650000,0.000000,0.000000,8.321000,0.000003,0.003002,0.000003,0.999995,0.000000,-0.000310,0.000000
354,True,True,4.690000,0.000000,18.650000,0.000000,0.000000,8.321000,0.000003,0.003002,0.000003,0.999995,0.000000,-0.000310,0.000000
355,True,True,4.690000,0.000000,18.650000,0.000000,0.000000,8.321000,0.000003,0.003002,0.000003,0.999995,0.000000,-0.000310,0.000000
356,True,True,4.690000,0.000000,18.650000,0.000000,0.000000,8.321000,0.000003,0.003002,0.000003,0.999995,0.000000,-0.000310,0.000000
357,True,True,4.690000,0.000000,18.650000,0.000000,0.000000,8.321000,0.000003,0.003002,0.000003,0.999995,0.000000,-0.000310,0.000000
358,True,True,4.690000,0.000000,18.650000,0.000000,0.000000,8.321000,0.000003,0.003002,0.000003,0.999995,0.000000,-0.000310,0.000000
359,True,True,4.690000,0.000000,18.650000,0.000000,0.000000,8.321000,0.000003,0.003002,0.000003,0.999995,0.000000,-0.000310,0.000000
360,True,True,4.690000,0.000000,18.650000,0.000000,0.000000,8.321000,0.000003,0.003002,0.000003,0.999995,0.000000,-0.000310,0.000000
361,True,True,4.690000,0.000000,18.650000,0.000000,0.000000,8.321000,0.000003,0.003002,0.000003,0.999995,0.000000,-0.000310,0.000000
362,True,True,4.690000,0.000000,18.650000,0.000000,0.000000,8.321000,0.000003,0.003002,0.000003,0.999995,0.000000,-0.000310,0.000000
363,True,True,4.690000,0.000000,18.650000,0.000000,0.000000,8.321000,0.000003,0.003002,0.000003,0.999995,0.000000,-0.000310,0.000000
364,True,True,4.690000,0.000000,18.650000,0.000000,0.000000,8.321000,0.000003,0.003002,0.000003,0.999995,0.000000,-0.000310,0.000000
365,True,True,4.690000,0.000000,18.650000,0.000000,0.000000,8.321000,0.000003,0.003002,0.000003,0.999995,0.000000,-0.000310,0.000000
366,True,True,4.690000,0.000000,18.650000,0.000000,0.000000,8.321000,0.000003,0.003002,0.000003,0.999995,0.000000,-0.000310,0.000000
367,True,True,4.690000,0.000000,18.650000,0.000000,0.000000,8.321000,0.000003,0.003002,0.000003,0.999995,0.000000,-0.000310,0.000000
368,True,True,4.690000,0.000000,18.650000,0.000000,0.000000,8.321000,0.000003,0.003002,0.000003,0.999995,0.000000,-0.000310,0.000000
369,True,True,4.690000,0.000000,18.650000,0.000000,0.000000,8.321000,0.000003,0.003002,0.000003,0.999995,0.000000,-0.000310,0.000000
